[{"scene_id": 0, "image_id": 0, "category_id": 1, "bbox": [156, 45, 59, 51], "score": 0.010372176766395569, "time": 0.0, "segmentation": {"counts": [76857, 26, 453, 28, 452, 29, 450, 31, 447, 34, 445, 36, 444, 36, 443, 38, 441, 41, 438, 43, 436, 44, 436, 44, 436, 45, 435, 45, 435, 46, 434, 47, 433, 47, 433, 48, 432, 48, 432, 48, 432, 48, 432, 48, 432, 48, 432, 48, 432, 48, 432, 48, 432, 48, 432, 48, 432, 48, 432, 48, 432, 48, 432, 48, 432, 48, 432, 48, 432, 48, 432, 48, 432, 48, 432, 48, 432, 48, 432, 47, 433, 46, 434, 45, 435, 44, 436, 44, 436, 44, 436, 44, 436, 44, 437, 42, 439, 39, 442, 37, 444, 35, 446, 33, 448, 27, 454, 25, 456, 24, 457, 22, 203921], "size": [480, 640]}, "R": [[-0.26253360509872437, 0.9562005400657654, 0.1294458657503128], [0.18511322140693665, 0.18156953155994415, -0.9657979607582092], [-0.9470001459121704, -0.22959229350090027, -0.22467342019081116]], "t": [-294.2843933105469, -411.4001159667969, 1196.33154296875]}, {"scene_id": 0, "image_id": 0, "category_id": 1, "bbox": [376, 229, 60, 81], "score": 0.6633089184761047, "time": 0.0, "segmentation": {"counts": [182641, 54, 425, 56, 424, 56, 423, 57, 421, 59, 420, 60, 419, 61, 418, 62, 417, 63, 416, 64, 416, 64, 416, 64, 416, 65, 415, 65, 415, 66, 414, 67, 413, 68, 412, 68, 412, 68, 412, 69, 411, 75, 405, 77, 403, 78, 402, 79, 401, 79, 401, 80, 400, 80, 400, 80, 400, 80, 400, 80, 400, 79, 401, 79, 401, 79, 401, 79, 401, 79, 401, 78, 402, 77, 403, 76, 404, 76, 405, 74, 406, 73, 408, 71, 410, 70, 410, 69, 412, 67, 413, 66, 414, 65, 416, 62, 420, 58, 423, 55, 425, 54, 427, 51, 431, 34, 447, 31, 450, 29, 453, 25, 98128], "size": [480, 640]}, "R": [[0.953964114189148, 0.29746323823928833, -0.03831826522946358], [0.243333637714386, -0.8423210382461548, -0.4809195399284363], [-0.17533203959465027, 0.449455589056015, -0.8759270310401917]], "t": [135.76661682128906, 45.12635803222656, 970.423583984375]}, {"scene_id": 0, "image_id": 0, "category_id": 1, "bbox": [66, 167, 48, 57], "score": 0.2244066745042801, "time": 0.0, "segmentation": {"counts": [32813, 24, 455, 27, 452, 30, 449, 33, 446, 37, 442, 39, 441, 41, 439, 43, 437, 47, 433, 48, 432, 50, 430, 51, 429, 53, 427, 54, 426, 55, 425, 55, 425, 56, 424, 56, 424, 56, 424, 56, 424, 56, 424, 56, 424, 56, 425, 55, 427, 53, 428, 52, 428, 52, 429, 51, 431, 49, 433, 47, 433, 47, 435, 45, 439, 41, 440, 40, 440, 40, 441, 39, 443, 37, 444, 36, 444, 36, 445, 34, 451, 27, 454, 25, 456, 24, 457, 22, 460, 16, 465, 13, 468, 11, 470, 9, 251789], "size": [480, 640]}, "R": [[-0.6457213759422302, 0.7575774192810059, -0.09550004452466965], [-0.6679521799087524, -0.49982255697250366, 0.5513770580291748], [0.3699778616428375, 0.41982534527778625, 0.8287721872329712]], "t": [-490.26123046875, -82.58557891845703, 1185.56494140625]}, {"scene_id": 0, "image_id": 0, "category_id": 1, "bbox": [109, 119, 58, 57], "score": 0.27076026797294617, "time": 0.0, "segmentation": {"counts": [53897, 10, 469, 12, 467, 13, 467, 13, 467, 13, 466, 14, 466, 14, 466, 14, 465, 15, 465, 16, 464, 16, 462, 18, 460, 21, 458, 23, 456, 24, 455, 25, 454, 27, 452, 28, 452, 28, 451, 30, 448, 33, 446, 36, 444, 36, 444, 37, 443, 37, 443, 38, 442, 39, 441, 40, 440, 41, 439, 42, 438, 43, 437, 45, 435, 50, 430, 52, 428, 54, 426, 58, 422, 58, 422, 59, 421, 59, 421, 58, 422, 57, 423, 56, 424, 56, 424, 56, 424, 56, 424, 56, 425, 55, 426, 53, 428, 50, 431, 48, 432, 48, 433, 46, 440, 39, 442, 37, 444, 35, 447, 32, 226873], "size": [480, 640]}, "R": [[0.0009401664137840271, -0.9759586453437805, -0.2179573029279709], [0.9505290985107422, -0.06683342158794403, 0.30336159467697144], [-0.31063440442085266, -0.20745986700057983, 0.9276134967803955]], "t": [-374.7463073730469, -191.77354431152344, 1234.6270751953125]}, {"scene_id": 0, "image_id": 0, "category_id": 1, "bbox": [301, 134, 41, 62], "score": 0.1878766268491745, "time": 0.0, "segmentation": {"counts": [146083, 26, 447, 35, 444, 37, 441, 40, 439, 43, 437, 44, 435, 45, 434, 46, 432, 49, 429, 51, 428, 51, 428, 52, 421, 58, 421, 58, 422, 57, 423, 57, 423, 56, 424, 55, 425, 55, 426, 53, 432, 47, 435, 44, 436, 44, 438, 43, 442, 38, 443, 37, 443, 37, 444, 37, 445, 36, 445, 36, 445, 35, 446, 34, 451, 29, 452, 28, 452, 28, 453, 26, 464, 15, 467, 12, 469, 10, 473, 5, 142374], "size": [480, 640]}, "R": [[-0.7891122102737427, 0.6061453819274902, -0.0994482934474945], [0.5556758642196655, 0.6354484558105469, -0.5361256003379822], [-0.2617758512496948, -0.47832420468330383, -0.838259756565094]], "t": [-12.501019477844238, -173.43936157226562, 1096.299560546875]}, {"scene_id": 0, "image_id": 0, "category_id": 1, "bbox": [377, 295, 24, 22], "score": 0.14024023711681366, "time": 0.0, "segmentation": {"counts": [182697, 16, 463, 19, 461, 19, 461, 20, 460, 20, 460, 20, 460, 20, 460, 20, 460, 21, 459, 21, 459, 22, 458, 22, 458, 23, 457, 23, 457, 23, 458, 21, 460, 19, 462, 17, 464, 16, 465, 14, 468, 10, 471, 8, 472, 7, 474, 5, 113450], "size": [480, 640]}, "R": [[-0.7528426647186279, 0.514358639717102, 0.4106867015361786], [0.41405802965164185, 0.8551226854324341, -0.31196269392967224], [-0.5116479992866516, -0.06481054425239563, -0.8567472696304321]], "t": [129.31362915039062, 161.92727661132812, 923.3224487304688]}, {"scene_id": 0, "image_id": 0, "category_id": 1, "bbox": [121, 119, 46, 55], "score": 0.1717042624950409, "time": 0.0, "segmentation": {"counts": [59649, 19, 460, 22, 457, 24, 455, 25, 454, 27, 452, 28, 452, 28, 451, 30, 448, 33, 446, 35, 445, 36, 444, 36, 444, 37, 443, 38, 442, 38, 442, 39, 441, 40, 440, 41, 439, 43, 437, 45, 435, 50, 430, 52, 428, 54, 426, 55, 425, 55, 425, 56, 424, 56, 424, 56, 424, 56, 424, 56, 424, 56, 424, 56, 424, 56, 424, 56, 424, 56, 425, 54, 428, 50, 431, 48, 432, 48, 433, 46, 440, 39, 442, 37, 444, 35, 447, 32, 226873], "size": [480, 640]}, "R": [[0.7015271186828613, 0.6825016140937805, 0.20506611466407776], [0.01776289939880371, -0.3044114112854004, 0.9523749351501465], [0.7124216556549072, -0.6644738912582397, -0.22567620873451233]], "t": [-382.2320556640625, -179.3031768798828, 1208.942626953125]}, {"scene_id": 0, "image_id": 0, "category_id": 1, "bbox": [38, 192, 15, 39], "score": 0.17857488989830017, "time": 0.0, "segmentation": {"counts": [19398, 32, 447, 34, 445, 36, 444, 36, 444, 36, 444, 36, 444, 36, 444, 35, 445, 35, 445, 34, 446, 33, 448, 31, 451, 27, 455, 15, 465, 12, 471, 7, 280589], "size": [480, 640]}, "R": [[-0.5691645741462708, 0.8124973177909851, 0.12609222531318665], [0.8053069114685059, 0.5199134349822998, 0.2849051356315613], [0.165927916765213, 0.26370111107826233, -0.9502261877059937]], "t": [-489.06304931640625, -48.12670135498047, 1065.0208740234375]}, {"scene_id": 0, "image_id": 0, "category_id": 1, "bbox": [302, 140, 40, 56], "score": 0.2502889037132263, "time": 0.0, "segmentation": {"counts": [146084, 25, 448, 34, 444, 37, 441, 40, 440, 42, 437, 44, 436, 44, 435, 45, 432, 49, 430, 50, 429, 50, 429, 51, 429, 50, 429, 50, 430, 49, 431, 48, 432, 48, 432, 47, 433, 47, 433, 46, 434, 45, 435, 44, 437, 43, 438, 42, 443, 38, 443, 37, 443, 37, 444, 37, 445, 36, 445, 36, 445, 35, 447, 33, 451, 29, 452, 28, 452, 28, 453, 26, 464, 15, 467, 12, 469, 10, 473, 4, 142375], "size": [480, 640]}, "R": [[0.6685039401054382, -0.7426311373710632, -0.04003223031759262], [-0.6229938268661499, -0.5297848582267761, -0.5755057334899902], [0.40617990493774414, 0.40966737270355225, -0.8168174028396606]], "t": [2.6393063068389893, -174.70338439941406, 1088.7646484375]}, {"scene_id": 0, "image_id": 0, "category_id": 1, "bbox": [347, 71, 36, 37], "score": 0.07806085795164108, "time": 0.0, "segmentation": {"counts": [167129, 6, 473, 8, 472, 9, 470, 11, 467, 14, 465, 16, 464, 16, 463, 17, 461, 20, 459, 21, 458, 22, 457, 25, 454, 26, 453, 28, 452, 29, 450, 30, 449, 35, 444, 38, 441, 39, 441, 39, 441, 39, 441, 39, 441, 39, 441, 38, 442, 38, 442, 33, 447, 33, 448, 31, 451, 28, 454, 25, 456, 23, 458, 20, 462, 16, 466, 13, 467, 12, 470, 8, 123267], "size": [480, 640]}, "R": [[-0.9734004139900208, -0.19299200177192688, -0.12347503006458282], [-0.20027513802051544, 0.9784901142120361, 0.04945991933345795], [0.11127391457557678, 0.07287302613258362, -0.9911143183708191]], "t": [92.98090362548828, -340.8576965332031, 1204.3951416015625]}]